Terminal output from running code for part (b)

| niter |f evals|CG iter|  obj func   |tr radius |   opt    |  c viol  | penalty  |barrier param|CG stop|
|-------|-------|-------|-------------|----------|----------|----------|----------|-------------|-------|
|   1   |   5   |   0   | -2.4216e-01 | 1.00e+00 | 3.53e-02 | 1.91e-01 | 1.00e+00 |  1.00e-01   |   0   |
|   2   |  10   |   1   | -2.4274e-01 | 5.60e+00 | 3.52e-02 | 1.91e-01 | 1.00e+00 |  1.00e-01   |   4   |
|   3   |  15   |   2   | -3.3277e-01 | 3.92e+01 | 2.08e-02 | 1.91e-01 | 1.00e+00 |  1.00e-01   |   2   |
|   4   |  20   |   3   | -4.0294e-01 | 2.23e+02 | 8.53e-04 | 1.89e-01 | 1.00e+00 |  1.00e-01   |   4   |
|   5   |  25   |   4   | -4.0306e-01 | 1.25e+03 | 1.00e-03 | 1.77e-01 | 1.00e+00 |  1.00e-01   |   4   |
|   6   |  30   |   6   | -4.0297e-01 | 7.00e+03 | 7.51e-04 | 1.12e-01 | 1.00e+00 |  1.00e-01   |   4   |
|   7   |  35   |   8   | -4.0254e-01 | 1.20e+04 | 1.60e-04 | 1.18e-07 | 1.00e+00 |  1.00e-01   |   4   |
|   8   |  35   |   8   | -4.0254e-01 | 5.99e+04 | 2.78e-03 | 1.18e-07 | 1.00e+00 |  2.00e-02   |   0   |
|   9   |  35   |   8   | -4.0254e-01 | 3.00e+05 | 3.36e-03 | 1.18e-07 | 1.00e+00 |  4.00e-03   |   0   |
|  10   |  35   |   8   | -4.0254e-01 | 1.50e+06 | 3.48e-03 | 1.18e-07 | 1.00e+00 |  8.00e-04   |   0   |
|  11   |  40   |   9   | -4.0448e-01 | 1.50e+06 | 3.25e-04 | 2.49e-14 | 1.00e+00 |  8.00e-04   |   4   |
|  12   |  40   |   9   | -4.0448e-01 | 7.49e+06 | 3.56e-04 | 2.49e-14 | 1.00e+00 |  1.60e-04   |   0   |
|  13   |  45   |  10   | -4.0450e-01 | 7.49e+06 | 3.73e-08 | 1.78e-15 | 1.00e+00 |  1.60e-04   |   4   |
|  14   |  45   |  10   | -4.0450e-01 | 3.75e+07 | 6.36e-06 | 1.78e-15 | 1.00e+00 |  3.20e-05   |   0   |
|  15   |  45   |  10   | -4.0450e-01 | 1.87e+08 | 7.62e-06 | 1.78e-15 | 1.00e+00 |  6.40e-06   |   0   |
|  16   |  50   |  11   | -4.0450e-01 | 1.87e+08 | 6.85e-11 | 0.00e+00 | 1.00e+00 |  6.40e-06   |   4   |

`gtol` termination condition is satisfied.
Number of iterations: 16, function evaluations: 50, CG iterations: 11, optimality: 6.85e-11, constraint violation: 0.00e+00, execution time: 5.1e+02 s.
Optimization result: -0.40450485259370406
v: 20.00074766692191 m/s, a: -58.84393563772187, b: -58.89571954019555, c: 153324.33094301834
Constraints:
Total Heat Generation: 10.0 Constraint: 0.0

<class 'numpy.float64'>
<class 'float'>
obj: [-0.24216469031168186, -0.2421646951010842, -0.24216469031168178, -0.24216469031168186, -0.24216469015915748, -0.2427381043006925, -0.24273810909005825, -0.24273810430069256, -0.2427381043006925, -0.24273810414852354, -0.33276700341675763, -0.33276700766132417, -0.33276700341675763, -0.33276700341675763, -0.33276700331536613, -0.4029402447082364, -0.4029402455987616, -0.4029402447082364, -0.4029402447082364, -0.40294024470141643, -0.40305671918048935, -0.4030567200393249, -0.40305671918048935, -0.4030567191804894, -0.40305671917398256, -0.40296879047156764, -0.40296879135752883, -0.40296879047156764, -0.40296879047156764, -0.4029687904658501, -0.4025361923345506, -0.4025361933333413, -0.4025361923345506, -0.4025361923345506, -0.4025361923294316, -0.4044835480540288, -0.40448354816309384, -0.40448354805402886, -0.40448354805402886, -0.40448354804917186, -0.4045048425213016, -0.40450484252369584, -0.4045048425213016, -0.4045048425213016, -0.4045048425164661, -0.40450485259370406, -0.4045048525937994, -0.40450485259370406, -0.40450485259370406, -0.4045048525888685, -0.40450485259370406]
a: [ 0.00000000e+00  0.00000000e+00  1.49011612e-08  0.00000000e+00
  0.00000000e+00 -1.46154879e-02 -1.46154879e-02 -1.46155028e-02
 -1.46154879e-02 -1.46154879e-02 -1.04385790e-01 -1.04385790e-01
 -1.04385805e-01 -1.04385790e-01 -1.04385790e-01 -7.34760921e-01
 -7.34760921e-01 -7.34760936e-01 -7.34760921e-01 -7.34760921e-01
 -4.32349043e+00 -4.32349043e+00 -4.32349050e+00 -4.32349043e+00
 -4.32349043e+00 -2.44203870e+01 -2.44203870e+01 -2.44203874e+01
 -2.44203870e+01 -2.44203870e+01 -5.88439721e+01 -5.88439721e+01
 -5.88439729e+01 -5.88439721e+01 -5.88439721e+01 -5.88439356e+01
 -5.88439356e+01 -5.88439365e+01 -5.88439356e+01 -5.88439356e+01
 -5.88439357e+01 -5.88439357e+01 -5.88439365e+01 -5.88439357e+01
 -5.88439357e+01 -5.88439356e+01 -5.88439356e+01 -5.88439365e+01
 -5.88439356e+01 -5.88439356e+01 -5.88439356e+01]
b: [ 0.00000000e+00  0.00000000e+00  0.00000000e+00  1.49011612e-08
  0.00000000e+00 -1.46154851e-02 -1.46154851e-02 -1.46154851e-02
 -1.46155000e-02 -1.46154851e-02 -9.87403752e-02 -9.87403752e-02
 -9.87403752e-02 -9.87403901e-02 -9.87403752e-02 -7.39829349e-01
 -7.39829349e-01 -7.39829349e-01 -7.39829364e-01 -7.39829349e-01
 -4.33152312e+00 -4.33152312e+00 -4.33152312e+00 -4.33152318e+00
 -4.33152312e+00 -2.44445984e+01 -2.44445984e+01 -2.44445984e+01
 -2.44445988e+01 -2.44445984e+01 -5.88957560e+01 -5.88957560e+01
 -5.88957560e+01 -5.88957569e+01 -5.88957560e+01 -5.88957195e+01
 -5.88957195e+01 -5.88957195e+01 -5.88957204e+01 -5.88957195e+01
 -5.88957196e+01 -5.88957196e+01 -5.88957196e+01 -5.88957204e+01
 -5.88957196e+01 -5.88957195e+01 -5.88957195e+01 -5.88957195e+01
 -5.88957204e+01 -5.88957195e+01 -5.88957195e+01]
gradL_vals: [np.float64(0.0352784768693715), np.float64(0.03521242712701179), np.float64(0.02084680139972546), np.float64(0.0008527428825426612), np.float64(0.0009999240491581347), np.float64(0.0007512027216849691), np.float64(0.0001598574162513948), np.float64(0.0027757276082843512), np.float64(0.0033628446129775977), np.float64(0.00348026801391664), np.float64(0.00032519389062321384), np.float64(0.00035590982969517016), np.float64(3.730216651731813e-08), np.float64(6.355680425576722e-06), np.float64(7.619356079808927e-06), np.float64(9.019250029536124e-11)]